[-12.99461679 -82.40535663 -43.19126068 -54.78240703 -17.47477426
  89.19307054 -51.14662566 -68.31093504 110.13630343 -11.4889812
 -90.80692946 128.85337434  -1.10170612  88.87669729  30.25643716
 -50.55994726 -17.10272897 -43.54978371]
1
[ -23.19859051  -81.86989765  -42.66269414  -55.22216863  -16.69924423
   59.93141718   37.18470645  -51.14662566  108.97040781  -10.56801421
 -120.06858282 -142.81529355   -1.10170612   85.07289005   30.06858282
  -52.43140797  -15.9453959   -47.29061004]
1
[ -26.56505118  -84.09385889  -48.30186567  -58.29857033  -24.36245302
   60.64224646   32.00538321  -57.33908728  104.82647997  -18.02472352
 -119.35775354 -147.99461679   -6.70983681   80.18069936   24.1022345
  -55.52778612  -19.65382406  -50.19442891]
1
[-22.61986495 -79.87532834 -39.13039956 -59.03624347 -17.2414594
  89.24615167 -48.27048792 -70.2673105  111.16125982 -10.03312055
 -90.75384833 131.72951208  -1.10170612  87.95459151  29.57783868
 -50.55994726 -11.30993247 -45.3472429 ]
1
[ -19.093492    -83.88449643  -46.73570459  -59.2645123   -21.61477894
   55.61965528   33.11134196  -57.33908728  105.70863783  -16.18920626
 -124.38034472 -146.88865804   -7.38604315   86.69813433   22.5205656
  -56.12146019  -24.77514057  -49.00780454]
1
[-19.79887635 -82.1466867  -39.35175263 -54.46232221 -16.50436138
  86.9872125  -48.69138599 -65.85445804 111.80140949  -7.68398183
 -93.0127875  131.30861401   2.43664825  86.7602997   33.31063082
 -47.00955381 -11.30993247 -45.35150344]
1
[ -29.24882634  -90.          -48.81407483  -60.2551187   -26.56505118
   58.57043439   32.00538321  -62.35402464  107.92791976  -18.30262624
 -121.42956561 -147.99461679   -9.09027692   79.11447295   22.03622694
  -55.17551084  -21.03751103  -49.50490686]
1
[ -19.98310652  -81.86989765  -39.61068824  -57.52880771  -19.72227776
   63.43494882   34.69515353  -50.35582504  109.53665494  -12.28395544
 -116.56505118 -145.30484647   -6.07245641   85.51539399   27.21611156
  -52.43140797  -14.03624347  -45.        ]
1
[ -47.48955292  104.03624347  -42.66269414  -55.92280472  -18.74134045
   59.93141718   36.52885537  -49.53777251  109.53665494  -12.43323519
 -120.06858282 -143.47114463   -3.81407483   80.36246189   29.0546041
  -51.00900596  -15.9453959   -45.        ]
1
[ -17.74467163  -80.21759297  -40.8724083   -56.68936918  -18.13808216
   66.80140949   36.52885537  -51.34019175  112.10944834  -11.13630943
 -113.19859051 -143.47114463    0.           85.84035771   29.57783868
  -49.47489651  -12.09475708  -45.        ]
1
[ -16.50436138  -84.09385889  -43.11181199  -56.68936918  -15.9453959
   66.03751103   37.18470645  -47.81555668  108.97040781  -11.22245807
 -113.96248897 -142.81529355    1.14576284   87.79740184   31.86597769
  -49.31602752   -8.13010235  -44.2747757 ]
1
[ -20.32313683  -85.91438322  -45.60309119  -56.30993247  -19.05770451
   59.03624347   33.17851166  -52.35237936  108.43494882  -15.1358355
 -120.96375653 -146.82148834   -3.17983012   87.75425743   26.56505118
  -52.56142843  -15.9453959   -43.93250032]
1
[-21.37062227 -83.88449643 -41.0090869  -53.88065915 -15.67952412
  87.02626892 -41.82016988 -68.74949449 110.55604522  -9.90418321
 -92.97373108 138.17983012   1.16913933  85.7636052   34.15969455
 -53.13010235  -4.08561678 -44.3097228 ]
1
[-12.80426607 -83.88449643 -39.69907348 -55.22216863 -16.69924423
  87.73949809 -47.48955292 -67.33544257 107.8786966  -10.70135072
 -92.26050191 132.51044708   1.06091169  92.16107949  30.25643716
 -52.69605172 -17.10272897 -45.        ]
1
[ -21.80140949  -80.21759297  -41.56636964  -55.49147701  -16.2201937
   64.53665494   36.86989765  -50.19442891  107.8786966   -11.74998357
 -115.46334506 -143.13010235    0.           84.50767544   31.42956561
  -51.56269851  -21.03751103  -45.        ]
1
[-22.61986495 -87.8789036  -42.4208525  -55.95406264 -21.25050551
  89.24615167 -58.24051992 -71.56505118 100.0079798  -15.17992743
 -90.75384833 121.75948008  -3.2397003   82.87498365  27.21611156
 -55.12467166 -12.99461679 -41.27594203]
2
[-19.65382406 -93.46822926 -45.51616423 -59.74356284 -23.68208772
  87.70938996 -52.9071627  -70.86635679  98.36588612 -18.03428557
 -92.29061004 127.0928373   -5.59933934  82.87498365  24.67686317
 -57.09475708 -23.19859051 -44.66494078]
2
[-21.03751103 -82.64762064 -42.83892051 -55.22216863 -20.44954761
  90.75384833 -50.47736873 -68.09682192 100.61965528 -12.5754655
 -89.24615167 129.52263127  -1.14576284  85.07289005  27.21611156
 -54.54452557 -12.09475708 -39.55966797]
2
[-17.81888891 -88.15238973 -43.91907581 -58.57043439 -20.55604522
  86.90594194 -54.72757855 -69.96898732 103.62699486 -14.03624347
 -93.09405806 125.27242145  -3.57633437  82.1466867   27.21611156
 -54.2933086  -15.9453959  -43.63607247]
2
[-17.10272897 -84.28940686 -39.80557109 -56.30993247 -17.81888891
  89.20427645 -51.14662566 -68.41603076 104.4702941  -11.30993247
 -90.79572355 128.85337434   0.          87.8789036   30.06858282
 -51.92721813 -14.03624347 -41.09145571]
2
[-19.65382406 -93.57633437 -46.06091169 -59.03624347 -25.70995378
  87.76882539 -56.92932218 -72.08749061  98.13010235 -17.76091192
 -92.23117461 123.07067782  -6.58194466  83.88449643  24.22774532
 -59.39359297 -22.61986495 -45.98211716]
2
[-22.93210044 -84.28940686 -46.52076966 -59.03624347 -22.69379495
  88.4306452  -53.80679269 -71.21137802  98.36588612 -17.61257784
 -91.5693548  126.19320731  -5.07960786  78.48616882  25.906508
 -57.30801582 -21.03751103 -44.30130562]
2
[-19.02560604 -91.84761027 -45.55625223 -57.33908728 -22.16634582
  87.70938996 -55.37584492 -72.61302782  99.16234705 -15.82615408
 -92.29061004 124.62415508  -5.82634203  82.99873244  25.40771811
 -55.34868409 -21.03751103 -45.3430844 ]
2
[-19.79887635 -91.84761027 -45.53545899 -59.2645123  -22.13549188
  89.20427645 -54.72757855 -70.30797876 101.633634   -16.00404049
 -90.79572355 125.27242145  -7.27500496  85.68397248  26.56505118
 -58.29857033 -23.19859051 -44.31793961]
2
[ -25.76932762  -90.          -48.43363036  -61.69924423  -28.30075577
   61.18920626   29.7448813   -62.35402464   98.36588612  -21.06897493
 -118.81079374 -150.2551187   -11.07020258   77.24246784   17.92791976
  -61.2201937   -21.03751103  -49.03771062]
2
[ -23.19859051  -91.84761027  -46.06091169  -63.43494882  -24.14554196
   88.4306452    59.93141718  -38.04704253   98.36588612  -46.18853861
  -91.5693548  -120.06858282    3.69138599   -6.98105741   84.49958853
   16.82140989  -61.75026451  -46.24536427]
2
[-22.16634582 -82.1466867  -42.79740184 -54.16234705 -20.77225468
  90.76389846 -51.34019175 -67.68055961 102.33908728 -13.62699486
 -89.23610154 128.65980825  -1.12330271  87.8789036   25.40771811
 -54.71325102 -17.10272897 -42.20729763]
2
[ -21.44773633  -95.19442891  -49.0141757   -58.81502534  -27.40757544
   57.72435569   29.24882634  -63.43494882   96.70983681  -21.18617644
 -122.27564431 -150.75117366   -7.66680426   79.87532834   21.25050551
  -61.01117748  -21.80140949  -49.65335159]
2
[-23.49856568 -91.97493401 -46.63657704 -60.10109816 -23.68208772
  90.         -58.24051992 -71.21137802  98.61564818 -19.14226819
 -90.         121.75948008  -8.32565033  80.36246189  25.97439396
 -54.71325102 -18.43494882 -46.73570459]
2
[-20.32313683 -93.69138599 -43.42344994 -56.30993247 -20.55604522
  87.76882539 -56.97613244 -71.02959219  98.88065915 -14.4567554
 -92.23117461 123.02386756  -3.43363036  79.07719528  28.61045967
 -54.54452557 -14.93141718 -41.87786954]
2
[ -21.03751103  -88.09084757  -43.95837332  -60.64224646  -22.69379495
   56.97613244   34.21570213  -52.65065096  101.68936918  -13.06155108
 -123.02386756 -145.78429787   -5.59933934   86.7602997    27.69947281
  -51.34019175  -13.24051992  -48.0127875 ]
3
[ -55.04533037  119.60445075  -61.69924423  -28.07248694   47.1210964
   90.           29.0546041   -62.40270413   98.88065915  -22.13549188
  -90.         -150.9453959   -12.40741853   77.3474435    19.65382406
  -56.50481533  -18.43494882  -50.81248238]
3
[ -20.77225468  -90.          -42.22083314  -57.09475708  -20.67442476
   63.43494882   33.02386756  -58.39249775  103.13402231  -14.98756197
 -116.56505118 -146.97613244   -5.19442891   86.63353934   25.94229549
  -51.80131482  -14.03624347  -44.33380003]
3
[ -20.32313683  -79.50852299  -43.89829388  -59.85861445  -20.8977655
   61.18920626   34.21570213  -52.12501635  105.9453959   -12.1886332
 -118.81079374 -145.78429787   -4.15964229   83.65980825   28.92642584
  -50.10216525  -10.61965528  -46.38035407]
3
[ -45.32740089  123.99645915  -55.56101069   83.1707557   -79.88604785
   83.15722659   10.88552705  -31.47683935   90.          -18.88608737
  -96.84277341 -169.11447295   83.65980825   90.          -51.00900596
    0.           75.96375653  -45.35150344]
3
[ -22.61986495  -88.09084757  -41.82016988  -58.29857033  -19.093492
   61.18920626   37.87498365  -55.95406264  102.72435569  -13.16323249
 -118.81079374 -142.12501635   -4.39870535   81.57303098   29.0546041
  -49.63546343   -6.70983681  -45.69869438]
3
[ -18.43494882  -81.11934085  -40.27986307  -52.8533133   -19.05770451
   64.53665494   34.69515353  -50.9644871   104.42077313  -14.14234664
 -115.46334506 -145.30484647   -3.12213046   82.61395685   29.19748605
  -49.92710995  -10.0079798   -44.66494078]
3
[ -21.44773633  -86.42366563  -42.16588898  -52.00126756  -22.32865638
   64.53665494   36.02737339  -52.43140797   98.36588612  -14.54963277
 -115.46334506 -143.97262661   -4.76364169   87.91743472   27.7585406
  -50.01311376   -9.46232221  -45.33505922]
3
[ -7.35237936 -97.12501635 -37.18470645 -50.71059314 -15.2551187
  89.20427645 -48.81407483 -65.13630343 109.02560604  -7.94347181
 -90.79572355 131.18592517   0.          85.7636052   32.90524292
 -48.2397003   -7.59464337 -40.49509314]
3
[ -52.9071627   101.68936918  -45.          -57.0305961   -21.03751103
   57.72435569   33.69006753  -55.0079798   100.95406264  -15.45201064
 -122.27564431 -146.30993247   -5.38931176   81.25383774   26.56505118
  -51.00900596  -14.03624347  -47.82712458]
3
[ -24.62356479  -91.68468432  -47.48955292  -62.81888891  -26.13100054
   55.61965528   30.96375653  -57.61932229  102.33908728  -20.30844184
 -124.38034472 -149.03624347  -10.49147701   85.84035771   22.71441235
  -57.09475708  -25.01689348  -49.54804241]
3
[ -21.44773633  -93.36646066  -47.04540849  -62.74467163  -24.27444113
   56.30993247   31.32869287  -56.30993247  101.30993247  -17.74467163
 -123.69006753 -148.67130713   -8.42696902   83.41805534   23.70264595
  -54.13017648  -18.43494882  -49.55995009]
3
[ -48.0774554   121.37300514  -56.72511202   82.35959324  -80.73977847
   60.2551187    91.06091169   38.99099404   91.36392753   -0.48146581
 -119.7448813   -88.93908831   -5.82634203   79.50852299   29.0546041
  -52.56142843  -14.03624347  -45.3430844 ]
3
[ 82.67359334 -98.67698538 -53.13010235 -39.61068824 -86.70603501
  80.19390724  -7.12501635 -65.05609474 100.57352342 -40.75438922
 -99.80609276 172.87498365 -62.94940299  -1.08092419  86.58341181
  24.70243023 -53.91492696 -41.36181342]
3
[ -29.0546041   -95.90614111  -48.48327147  -64.13364321  -26.13100054
   54.78240703   32.73522627  -61.38954033   98.88065915  -20.91254769
 -125.21759297 -147.26477373  -10.49147701   80.90972308   22.83365418
  -55.92280472  -19.65382406  -50.90614111]
3
[ -23.49856568  -85.7636052   -42.70938996  -59.53445508  -20.07152586
   58.57043439   31.75948008  -58.81502534  107.2414594   -13.47782275
 -121.42956561 -148.24051992   -5.94686305   76.21840276   29.93151184
  -52.83552511  -10.0079798   -47.93567345]
4
[ -44.64849656  130.60129465  -52.88313932   83.39153566  -80.58901808
   63.43494882  -32.90524292  -58.86102756   88.66778015    2.46811791
 -116.56505118  147.09475708   75.96375653   84.40066066   25.94229549
  -51.65442505   -9.46232221  -45.        ]
4
[ -28.30075577  -85.7636052   -45.60309119  -61.78264415  -24.17910715
   56.30993247   28.44292862  -58.62699486  102.72435569  -17.70972452
 -123.69006753 -151.55707138  -10.0079798    74.93151184   23.38522106
  -55.42580853  -18.43494882  -52.03794076]
4
[ -25.64100582  -80.21759297  -45.55625223  -61.50436138  -24.27444113
   58.57043439   29.7448813   -50.19442891  104.82647997  -18.28915835
 -121.42956561 -150.2551187    -8.42696902   85.7636052    20.92450174
  -65.62353138   90.          -21.25050551]
4
[-41.86364163 142.12501635 -81.57303098  89.4270613  -10.30484647
 -88.05851361 -79.52038301 -78.23171107 108.43494882 -16.96614811
  91.94148639 100.47961699  -6.84277341  77.24246784  20.09523119
 -76.41814756 -81.83963046  74.35775354]
4
[ -24.14554196  -79.11447295  -48.43363036  -62.2414594   -26.14684124
   57.72435569   25.64100582  -56.92932218  101.30993247  -19.2692944
 -122.27564431 -154.35899418  -11.30993247   76.75948008   21.03751103
  -57.99461679  -17.35402464  -50.07213287]
4
[ -52.94347181  121.37300514  -64.093492     37.0928373   -75.25643716
   57.09475708  -55.98065001  -74.33183958  135.          -20.85445804
 -122.90524292  124.01934999  -12.52880771   77.24246784   21.80140949
  -56.49656302  -21.25050551  -49.76364169]
4
[ -20.55604522  -87.95459151  -45.          -60.2551187   -22.32865638
   59.93141718   25.55996517  -57.61932229  101.68936918  -16.0074043
 -120.06858282 -154.44003483   -6.70983681   79.79602628   25.94229549
  -53.67317405  -15.524111    -49.2363948 ]
4
[ -24.62356479  -82.1466867   -46.16913933  -59.03624347  -24.27444113
   64.79887635   23.62937773  -54.32359178  104.03624347  -19.2692944
 -115.20112365 -156.37062227  -10.30484647   78.48616882   20.72555887
  -57.63336194  -21.80140949  -48.76852971]
4
[ -19.79887635  -83.65980825  -45.          -57.84770486  -20.43282868
   62.2414594    29.7448813   -56.30993247  102.33908728  -15.67952412
 -117.7585406  -150.2551187    -5.71059314   79.9920202    26.56505118
  -52.30575953  -12.52880771  -48.6214847 ]
4
[ -17.74467163  -79.87532834  -41.9872125   -53.13010235  -20.95577673
   59.03624347   29.0546041   -49.39870535  107.2414594   -12.32472743
 -120.96375653 -150.9453959    -4.86451444   77.00538321   29.35775354
  -51.88172363  -11.88865804  -48.95755311]
4
[-49.02826367 104.53445508 -42.66269414 -60.2551187  -20.43282868
  85.85537626 -54.90418321 -70.01689348 104.93141718 -14.14579549
 -94.14462374 125.09581679  -5.19442891  82.33319574  25.906508
 -52.8533133  -10.78429787 -49.73343833]
4
[-13.49573328 -87.8789036  -43.33166255 -56.68936918  47.41950922
 -74.0546041  -71.95217893 -69.86369657 109.65382406 -41.96060043
 105.9453959  108.04782107 -65.72555887  -4.31602752  84.99416745
  25.94229549 -63.08344538 -11.88865804]
4
[ -19.093492    -83.65980825  -40.95551443  -51.76617482  -17.78388844
   66.03751103   36.86989765  -49.53777251  106.69924423   -9.10733431
 -113.96248897 -143.13010235   -2.1210964    83.65980825   28.39301942
  -55.7388971   -21.03751103  -44.28384005]
5
[ -21.80140949  -81.86989765  -44.47436539  -55.22216863  -21.61477894
   63.43494882   27.97947439  -50.04245107  103.24051992  -15.17992743
 -116.56505118 -152.02052561   -7.12501635   81.41637852   24.77514057
  -56.68936918  -23.19859051  -46.77880032]
5
[ -23.74949449  -81.86989765  -42.75425743  -53.97262661  -21.41296947
   59.53445508   32.00538321  -57.33908728  103.62699486  -14.98756197
 -120.46554492 -147.99461679   -6.2034479    77.82854179   25.34617594
  -56.30993247  -24.44395478  -47.82712458]
5
[ -15.9453959   -86.05481377  -85.15599962   72.62107498  -52.59464337
   -5.10216525   37.87498365  -45.90938045  108.43494882   -8.97262661
  174.89783475 -142.12501635   -3.36646066   83.54118362   22.03622694
   -7.02839624   60.36161631  -67.35087265]
5
[ -15.9453959   -86.05481377  -41.63353934  -52.35237936  -18.43494882
   60.9453959    32.82854179  -46.73570459  106.18920626  -10.72444854
 -119.0546041  -147.17145821   -2.29061004   83.29016319   25.94229549
  -55.7388971   -17.10272897  -44.63506366]
5
[ -11.30993247  -88.02506599  -41.56636964  -51.34019175  -18.10376303
   55.61965528   32.73522627  -45.          103.13402231  -11.22579776
 -124.38034472 -147.26477373   -3.2397003    83.15722659   26.56505118
  -55.7388971   -18.43494882  -44.2559408 ]
5
[ -21.03751103  -90.          -45.          -54.2933086   -23.19859051
   64.65382406   29.53878226  -50.35582504  104.03624347  -14.4702941
 -115.34617594 -150.46121774   -5.94686305   82.33319574   25.11483489
  -55.7388971   -16.38954033  -45.7252243 ]
5
[ -29.98163937  -93.81407483  -47.29061004  -58.13402231  -25.67681568
   59.53445508   27.29957221  -53.61564818   99.46232221  -18.57234851
 -120.46554492 -152.70042779  -10.20397372   83.29016319   20.85445804
  -59.39359297  -24.77514057  -49.87927378]
5
[ -16.50436138  -91.90915243  -45.          -55.92280472  -22.16634582
   60.9453959    27.97947439  -46.63657704  100.61965528  -16.2428791
 -119.0546041  -152.02052561   -7.12501635   82.03038961   24.56717132
  -57.09475708  -18.43494882  -46.10881213]
5
[ -19.02560604  -82.1466867   -39.80557109  -52.00126756  -18.43494882
   64.65382406   37.69424047  -48.46822926  103.24051992   -9.60520416
 -115.34617594 -142.30575953   -2.16107949   85.68397248   25.94229549
  -54.46232221  -15.9453959   -42.54095601]
5
[ -12.72435569  -81.11934085  -40.60129465  -51.34019175  -17.17590362
   67.16634582   35.13419306  -49.89909245  106.85839877   -9.9580706
 -112.83365418 -144.86580694    1.12330271   80.86982352   30.7354877
  -50.71059314  -12.09475708  -39.80557109]
5
[ -17.74467163  -80.53767779  -45.          -57.52880771  -19.65382406
   62.10272897   33.69006753  -57.72435569  103.24051992  -41.83367348
 -117.89727103 -146.30993247  -64.07509849   -5.82634203   84.49958853
   18.82471002  -58.15094868  -45.66619997]
5
[ -19.093492    -90.          -45.          -57.0305961   -21.19405648
   56.30993247   32.19573393  -53.13010235  105.70863783  -13.93168924
 -123.69006753 -147.80426607   -7.12501635   84.28940686   24.22774532
  -58.21274688  -21.03751103  -47.17474411]
5
[ -18.43494882  -97.59464337  -46.77146974  -57.84770486  -24.44395478
   66.03751103   29.53878226  -49.39870535  100.61965528  -17.1362745
 -113.96248897 -150.46121774   -6.98105741   82.18470645   21.80140949
  -55.92280472  -23.19859051  -48.28088077]
5
[ -25.01689348  -81.86989765  -44.43273359  -60.06848816  -26.13100054
   66.03751103   27.89727103  -53.13010235   98.88065915  -17.57125878
 -113.96248897 -152.10272897   -8.91492696   75.96375653   22.61986495
  -58.43818816  -23.19859051  -51.64864518]
6
[ -49.63546343  102.09475708  -43.29864539  -58.49573328  -22.83365418
   64.65382406   37.69424047  -54.16234705   98.88065915  -15.33328479
 -115.34617594 -142.30575953   -5.29008121   87.75425743   25.20112365
  -59.53445508  -15.9453959   -48.81407483]
6
[ -23.62937773  -81.86989765  -46.19348942  -59.30027745  -23.5747062
   59.53445508   30.25643716  -54.90418321  101.633634    -16.78264415
 -120.46554492 -149.74356284   -7.66680426   81.52885537   23.55226367
  -57.09475708  -14.93141718  -49.18491613]
6
[ -21.44773633  -81.57303098  -42.95459151  -60.06848816  -21.80140949
   57.99461679   28.88658177  -55.95406264   98.61564818  -16.74197039
 -122.00538321 -151.11341823   -7.38604315   76.9306821    26.56505118
  -54.95062669  -15.524111    -51.10277965]
6
[ 89.5771606  -91.40862874 -47.48955292 -37.04247477 -51.76617482
 -18.43494882 -45.         -69.37012005 107.35402464 -39.89783475
 161.56505118 135.         -56.59217541  -1.12330271  87.8789036
  27.89727103 -63.07232215  -8.13010235]
6
[ -19.53665494  -79.11447295  -37.20792192  -54.63753811  -16.60698058
   64.65382406   38.36748538  -48.69138599  105.70863783  -10.42580853
 -115.34617594 -141.63251462    0.           83.92754359   28.49563862
  -52.25319461  -12.09475708  -42.1014232 ]
6
[-44.16968451 105.06848816 -35.6398092  -50.19442891 -12.63336194
  89.18154454 -48.69138599 -66.55193742 102.33908728  -5.79921763
 -90.81845546 131.30861401   3.75172907  94.31602752  30.69972255
 -50.10216525  -3.81407483 -39.54244651]
6
[ -47.23117461  101.68936918  -40.23635831  -54.90418321  -18.75865035
   63.43494882   34.9920202   -51.14662566  101.30993247  -11.39876307
 -116.56505118 -145.0079798    -0.9877604    92.29061004   29.57783868
  -51.65442505  -10.0079798   -41.58905504]
6
[-23.96248897 -87.95459151 -42.83892051 -57.09475708 -25.25316339
  84.36931724 -53.13010235 -71.1881107   96.91122712 -16.61442449
 -95.63068276 126.86989765  -7.52382044  88.89829388  26.56505118
 -56.12146019 -16.38954033 -50.19442891]
6
[ -27.40757544  -88.21008939  -47.1210964   -63.43494882  -28.76764934
   60.9453959    26.56505118  -57.99461679   97.9071627   -21.38862283
 -119.0546041  -153.43494882   -8.91492696   85.42607874   20.09523119
  -59.89869543  -21.03751103  -52.54942177]
6
[-19.65382406 -85.91438322 -40.33314163 -56.97613244 -22.78240573
  84.44702897 -49.14462374 -70.79602649 105.70863783 -13.81502534
 -95.55297103 130.85537626  -3.30186567  87.75425743  29.19748605
 -55.52778612 -12.52880771 -49.2363948 ]
6
[ -20.77225468  -79.87532834  -42.04922089  -56.72511202  -19.65382406
   57.72435569   37.69424047  -50.52754015  100.30484647  -13.37133197
 -122.27564431 -142.30575953   -1.14576284   80.53767779   29.0546041
  -52.56142843  -17.10272897  -43.19883948]
6
[ -44.23610154  103.49573328  -41.34777722  -57.42594287  -21.99112992
   62.2414594    36.38435182  -57.72435569   98.88065915  -14.60127229
 -117.7585406  -143.61564818   -6.07245641   82.33319574   27.97947439
  -55.90502205  -14.93141718  -47.1210964 ]
6
[ -22.75097634  -85.7636052   -44.42127443  -60.9453959   -22.93210044
   52.12501635   34.21570213  -57.0305961    98.61564818  -16.0074043
 -127.87498365 -145.78429787   -8.29714497   83.65980825   24.1022345
  -56.70643673  -10.61965528  -49.87927378]
6
[-16.18920626 -86.05481377 -39.28940686 -52.59464337 -17.81888891
  89.20427645 -50.04245107 -68.74949449 104.42077313 -10.88552705
 -90.79572355 129.95754893   0.          92.16107949  28.30075577
 -52.7218258  -15.9453959  -45.        ]
6
